%Hippocampus
NRipples=[
2000	410	2643	2953
1995	379	3259	4494
2043	309	1278	1918
    
];
%% PAR
NRipples=[

1361	2233	1750	841
1157	1912	1674	3196
708	4282	921	1469
];

%%
NREM_time=[
59.3167	63.8	84.75	69.65
116.9667	84.7	123.0333	81.1167
127.1333	120.9667	55.3333	133.3667
    
];
NREM_time=NREM_time*60;%In seconds
%%
Freq_occur=NRipples./NREM_time;